MB44 0 1911169876321874277 1
MB44 0 1911167586521505998 1
MB44 0 1911163038071136733 1
MB44 0 1911160394221056339 1
MB44 0 1911159940737376649 1
MB44 0 1911159331955020279 1
MB44 0 1911158842710512061 1
MB44 0 1911158687596437584 1
MB44 0 1911158403876991350 1
MB44 0 1911158353293648042 1
MB44 0 1911157420929282146 1
MB44 0 1911156531275374767 1
MB44 0 1911155184862155076 1
MB44 0 1911152976309444948 1
MB44 0 1911151098443759841 1
MB44 0 1911147985951752636 1
MB44 0 1911145590987043197 1
MB44 0 1911145105076998580 1
MB44 0 1911144568399212552 1
MB44 0 1911142873237733875 1
MB44 0 1911142868443410527 1
MB44 0 1911141319507911028 1
MB44 0 1911139995215085962 1
MB44 0 1911139928093646880 1
MB44 0 1911139414669201574 1
MB44 0 1911137191922741361 1
MB44 0 1911135452804899153 1
MB44 0 1911134130936680743 1
MB44 0 1911133673602322767 1
MB44 0 1911132928584700356 1
MB44 0 1911132864189763747 0
MB44 0 1911132688150392862 0
MB44 0 1911132200637972855 0
MB44 0 1911132159550587113 0
MB44 0 1911131468610367737 0
MB44 0 1911128794716316070 0
MB44 0 1911128474170876281 0
MB44 0 1911128126165553559 0
MB44 0 1911126891030847776 0
MB44 0 1911123599567798459 0
MB44 0 1911122409245077505 0
MB44 0 1911121853277524041 0
MB44 0 1911121316876341681 0
MB44 0 1911119865559032287 0
MB44 0 1911119467918270624 0
MB44 0 1911118639308095885 0
MB44 0 1911114697719284129 0
MB44 0 1911114400884527543 0
MB44 0 1911114313252962501 0
MB44 0 1911114036571513121 0
MB44 0 1911112835050135932 0
MB44 0 1911111993001394538 0
MB44 0 1911109235162706285 0
MB44 0 1911108390383648905 0
MB44 0 1911107940334870836 0
MB44 0 1911107898597679139 0
MB44 0 1911104433053643048 0
MB44 0 1911102327877943453 0
MB44 0 1911101035889770678 0
MB44 0 1911100982685045227 0
MB44 0 1911100742250684837 0
MB44 0 1911098154021167321 0
MB44 0 1911095910517608541 0
MB44 0 1911095510108393971 0
MB44 0 1911095499945611447 0
MB44 0 1911094576053465288 0
MB44 0 1911093368811323830 0
MB44 0 1911092285326152036 0
MB44 0 1911092033802129645 0
MB44 0 1911090944352354527 0
MB44 0 1911090484023304293 0
MB44 0 1911089979721195595 0
MB44 0 1911089416363241569 0
MB44 0 1911088301961863673 0
MB44 0 1911085713312932214 0
MB44 0 1911084276210434179 0
MB44 0 1911082825413189982 0
MB44 0 1911079321197817958 0
MB44 0 1911078276874789209 0
MB44 0 1911075431920672890 0
MB44 0 1911075094220198374 0
MB44 0 1911073262232023289 0
MB44 0 1911073235560550624 0
MB44 0 1911073166048256372 0
MB44 0 1911073114114445556 0
MB44 0 1911072594113003724 0
MB44 0 1911071890140963240 0
MB44 0 1911071875158987218 0
MB44 0 1911071820771692983 0
MB44 0 1911071020837957633 0
MB44 0 1911069971347546274 0
MB44 0 1911068980690796919 0
MB44 0 1911065654104301775 0
MB44 0 1911064877726101575 0
MB44 0 1911064297574207883 0
MB44 0 1911063941750399215 0
MB44 0 1911060486336184458 0
MB44 0 1911057805466812885 0
MB44 0 1911057797979996314 0
MB44 0 1911057108612907210 0
