MB45 0 1911071792657317925 1
MB45 0 1911069418253123947 1
MB45 0 1911052056632115629 1
MB45 0 1911043188183163039 1
MB45 0 1911034574441787734 1
MB45 0 1911030261829022122 1
MB45 0 1911022961005408294 1
MB45 0 1911021500028825669 1
MB45 0 1911016666319786037 1
MB45 0 1911015294136352935 1
MB45 0 1911014561890652466 1
MB45 0 1910995941231910969 1
MB45 0 1910970812934336728 1
MB45 0 1910925480221663321 1
MB45 0 1910918404992606307 1
MB45 0 1910917288527880517 1
MB45 0 1910914431661593016 1
MB45 0 1910897626473775518 1
MB45 0 1910895311490621849 1
MB45 0 1910886569461817507 1
MB45 0 1910880405584289938 1
MB45 0 1910830072409305421 1
MB45 0 1910821898759655481 1
MB45 0 1910815094126027172 1
MB45 0 1910814064416006544 1
MB45 0 1910807862462275716 1
MB45 0 1910778121386926250 1
MB45 0 1910732040397357134 1
MB45 0 1910718751382650904 1
MB45 0 1910716143016247798 1
MB45 0 1910703189180957162 0
MB45 0 1910683933831811161 0
MB45 0 1910675935226904580 0
MB45 0 1910670223436288198 0
MB45 0 1910660707898843561 0
MB45 0 1910659102537056570 0
MB45 0 1910649441427615914 0
MB45 0 1910648889755005190 0
MB45 0 1910621524958359946 0
MB45 0 1910613410670059777 0
MB45 0 1910613332316299465 0
MB45 0 1910605913209393262 0
MB45 0 1910601974669619213 0
MB45 0 1910600965863985272 0
MB45 0 1910588963435184619 0
MB45 0 1910559175446265991 0
MB45 0 1910535752355897564 0
MB45 0 1910517154170232909 0
MB45 0 1910502805359468559 0
MB45 0 1910482178246402250 0
MB45 0 1910478292106240199 0
MB45 0 1910452210124968365 0
MB45 0 1910423427900682567 0
MB45 0 1910381965888389151 0
MB45 0 1910373449891274866 0
MB45 0 1910366922379604473 0
MB45 0 1910356732687110168 0
MB45 0 1910346202672947558 0
MB45 0 1910343002670747674 0
MB45 0 1910336256107495642 0
MB45 0 1910324300768293006 0
MB45 0 1910314234535100909 0
MB45 0 1910257409773232268 0
MB45 0 1910249412988698851 0
MB45 0 1910243141182951512 0
MB45 0 1910242787510960312 0
MB45 0 1910212755757408451 0
MB45 0 1910190504312017306 0
MB45 0 1910190117559337062 0
MB45 0 1910168491514355985 0
MB45 0 1910139504096354666 0
MB45 0 1910128536918151426 0
MB45 0 1910093309176950841 0
MB45 0 1910093294392230304 0
MB45 0 1910093129992241630 0
MB45 0 1910093087264604173 0
MB45 0 1910092967626301654 0
MB45 0 1910092835451191475 0
MB45 0 1910092820800475188 0
MB45 0 1910064324544245772 0
MB45 0 1910048371403874497 0
MB45 0 1910041535690793217 0
MB45 0 1910019075465429442 0
MB45 0 1909996944446964052 0
MB45 0 1909988733492875733 0
MB45 0 1909987590620532863 0
MB45 0 1909986407415685479 0
MB45 0 1909981023552553141 0
MB45 0 1909946085696549268 0
MB45 0 1909922858765341146 0
MB45 0 1909917531579498643 0
MB45 0 1909902234554368257 0
MB45 0 1909897349796683957 0
MB45 0 1909894498122952913 0
MB45 0 1909889301669626296 0
MB45 0 1909885473448767846 0
MB45 0 1909884925001531468 0
MB45 0 1909883939520446765 0
