MB43 0 1911044520822583557 1
MB43 0 1911044431806947646 1
MB43 0 1911035088072053065 1
MB43 0 1911033670422651356 1
MB43 0 1911030521292808574 1
MB43 0 1911030325553094966 1
MB43 0 1911028623038984697 1
MB43 0 1911026516537831860 1
MB43 0 1911025272851230779 1
MB43 0 1911024007958196736 1
MB43 0 1911022758043037834 1
MB43 0 1911018481707061304 1
MB43 0 1911015514943309134 1
MB43 0 1911014970583564724 1
MB43 0 1911014732976259230 1
MB43 0 1911012603029082392 1
MB43 0 1911010851156357528 1
MB43 0 1911008023524360473 1
MB43 0 1911006026398134378 1
MB43 0 1911003600626524670 1
MB43 0 1910994830580211770 1
MB43 0 1910992218455703796 1
MB43 0 1910991275836194914 1
MB43 0 1910989963467895171 1
MB43 0 1910989078687793327 1
MB43 0 1910988934898733224 1
MB43 0 1910986807400931782 1
MB43 0 1910980779104256142 1
MB43 0 1910978296520601611 1
MB43 0 1910976212370850239 1
MB43 0 1910974853491962273 0
MB43 0 1910968481714933791 0
MB43 0 1910966588104326638 0
MB43 0 1910964843709858302 0
MB43 0 1910964551937303032 0
MB43 0 1910961562984300313 0
MB43 0 1910957445330911404 0
MB43 0 1910956900474036593 0
MB43 0 1910954790101598604 0
MB43 0 1910938318759404011 0
MB43 0 1910938053876867429 0
MB43 0 1910937073655161055 0
MB43 0 1910933424233402406 0
MB43 0 1910918102503837747 0
MB43 0 1910918042042634254 0
MB43 0 1910911706462646518 0
MB43 0 1910909522660511851 0
MB43 0 1910906422881034713 0
MB43 0 1910903586587820070 0
MB43 0 1910902555560882594 0
MB43 0 1910901719372087321 0
MB43 0 1910898811339231683 0
MB43 0 1910898583160660405 0
MB43 0 1910895778458972381 0
MB43 0 1910890007608390020 0
MB43 0 1910887338386801038 0
MB43 0 1910884557580357777 0
MB43 0 1910882336859697344 0
MB43 0 1910879321633206401 0
MB43 0 1910878891352240512 0
MB43 0 1910859995123425761 0
MB43 0 1910857107340992555 0
MB43 0 1910854390996480018 0
MB43 0 1910851043500766301 0
MB43 0 1910850905072615664 0
MB43 0 1910850472963097014 0
MB43 0 1910849433467580790 0
MB43 0 1910843282222960928 0
MB43 0 1910842552342769771 0
MB43 0 1910842425643206063 0
MB43 0 1910834313960943903 0
MB43 0 1910833743628387784 0
MB43 0 1910833513454043256 0
MB43 0 1910831211150290972 0
MB43 0 1910829647496880581 0
MB43 0 1910819573173281063 0
MB43 0 1910819544517505160 0
MB43 0 1910819061870526859 0
MB43 0 1910814284323721588 0
MB43 0 1910808371826995690 0
MB43 0 1910807794342932974 0
MB43 0 1910806318857724226 0
MB43 0 1910806137026256906 0
MB43 0 1910803699502309755 0
MB43 0 1910803650034671773 0
MB43 0 1910803274216927340 0
MB43 0 1910802333065261504 0
MB43 0 1910800963432075319 0
MB43 0 1910800003150360797 0
MB43 0 1910799678397898775 0
MB43 0 1910799631467901198 0
MB43 0 1910796043785663506 0
MB43 0 1910795800424369509 0
MB43 0 1910793625170264084 0
MB43 0 1910784342255566857 0
MB43 0 1910778357215871137 0
MB43 0 1910777844596443218 0
MB43 0 1910777651360600485 0
MB43 0 1910776352740962660 0
MB43 0 1910774737627644244 0
