MB39 0 1910873662917345381 1
MB39 0 1910865002707157044 1
MB39 0 1910849144844886243 1
MB39 0 1910844839739924696 1
MB39 0 1910820298586194358 1
MB39 0 1910817234613887414 1
MB39 0 1910797337469071753 1
MB39 0 1910795605535871117 1
MB39 0 1910787337916727589 1
MB39 0 1910777054829723893 1
MB39 0 1910770660730687870 1
MB39 0 1910765965572288549 1
MB39 0 1910750074650476817 1
MB39 0 1910741568362852450 1
MB39 0 1910741530115187002 1
MB39 0 1910741071388098761 1
MB39 0 1910736144809021626 1
MB39 0 1910735972221792609 1
MB39 0 1910734718682759699 1
MB39 0 1910733688188404100 1
MB39 0 1910720519873110224 1
MB39 0 1910718419541860417 1
MB39 0 1910717676172857754 1
MB39 0 1910663943044866499 1
MB39 0 1910662423888982293 1
MB39 0 1910654739806646280 1
MB39 0 1910648175733416381 1
MB39 0 1910648164157161534 1
MB39 0 1910638459087179808 1
MB39 0 1910625031966675451 1
MB39 0 1910624799795138720 0
MB39 0 1910624602574692716 0
MB39 0 1910624393299964087 0
MB39 0 1910616095217635724 0
MB39 0 1910612978103091605 0
MB39 0 1910603641410445498 0
MB39 0 1910602944539512978 0
MB39 0 1910599127576047906 0
MB39 0 1910585994144895453 0
MB39 0 1910585974830125424 0
MB39 0 1910585602011017242 0
MB39 0 1910585582893347307 0
MB39 0 1910584171593970111 0
MB39 0 1910584146662952989 0
MB39 0 1910583986079887676 0
MB39 0 1910583962486841438 0
MB39 0 1910579137040863643 0
MB39 0 1910579114810999294 0
MB39 0 1910578202495312308 0
MB39 0 1910578181691552174 0
MB39 0 1910577976304935140 0
MB39 0 1910577952691012017 0
MB39 0 1910573529524765172 0
MB39 0 1910545871432986709 0
MB39 0 1910508780204290338 0
MB39 0 1910499870961500488 0
MB39 0 1910460190735954067 0
MB39 0 1910449530245357688 0
MB39 0 1910445116558360608 0
MB39 0 1910445091916837226 0
MB39 0 1910443475293921525 0
MB39 0 1910428031950238038 0
MB39 0 1910425518262149605 0
MB39 0 1910422829503570183 0
MB39 0 1910422824508154322 0
MB39 0 1910422765548839257 0
MB39 0 1910388555051827566 0
MB39 0 1910345060744630578 0
MB39 0 1910338465515847757 0
MB39 0 1910324512769335514 0
MB39 0 1910323350900978100 0
MB39 0 1910311876820369770 0
MB39 0 1910286639471214769 0
MB39 0 1910273249780318703 0
MB39 0 1910270945148699067 0
MB39 0 1910253806207524938 0
MB39 0 1910249891764248723 0
MB39 0 1910248470767640633 0
MB39 0 1910245896614182970 0
MB39 0 1910231987857641636 0
MB39 0 1910216049800429687 0
MB39 0 1910204064576512392 0
MB39 0 1910199962903720400 0
MB39 0 1910198981566623798 0
MB39 0 1910188213806788696 0
MB39 0 1910178833011007934 0
MB39 0 1910163930988556421 0
MB39 0 1910163097303879918 0
MB39 0 1910142786252255561 0
MB39 0 1910141454363643923 0
MB39 0 1910129969411326298 0
MB39 0 1910124152268398643 0
MB39 0 1910113631024324781 0
MB39 0 1910111311649701954 0
MB39 0 1910109427849666780 0
MB39 0 1910104389752152310 0
MB39 0 1910101783164125589 0
MB39 0 1910098346913693742 0
MB39 0 1910096911089988081 0
