MB42 0 1911052903973900355 1
MB42 0 1911051532365136240 1
MB42 0 1911051435078201682 1
MB42 0 1911051000237920529 1
MB42 0 1911050484464652614 1
MB42 0 1911049914349412620 1
MB42 0 1911049908657741830 1
MB42 0 1911048317020381601 1
MB42 0 1911047764013654065 1
MB42 0 1911042528943432191 1
MB42 0 1911041390189953287 1
MB42 0 1911038872735064477 1
MB42 0 1911038383956058331 1
MB42 0 1911037644467028367 1
MB42 0 1911036201198379212 1
MB42 0 1911034471530299854 1
MB42 0 1911033653770977524 1
MB42 0 1911033447927230581 1
MB42 0 1911032791388639687 1
MB42 0 1911032563595960574 1
MB42 0 1911031791701405909 1
MB42 0 1911031283020640418 1
MB42 0 1911030287133450341 1
MB42 0 1911030237741138133 1
MB42 0 1911026556878680360 1
MB42 0 1911026513006281213 1
MB42 0 1911026121870602629 1
MB42 0 1911024120243880268 1
MB42 0 1911022576928702884 1
MB42 0 1911020526211936430 1
MB42 0 1911017991543599404 0
MB42 0 1911017565322703163 0
MB42 0 1911017446317731939 0
MB42 0 1911016830270857573 0
MB42 0 1911014636196942061 0
MB42 0 1911014015674769739 0
MB42 0 1911012671870390402 0
MB42 0 1911012236501352552 0
MB42 0 1911011630571209136 0
MB42 0 1911010311919857816 0
MB42 0 1911010290797248517 0
MB42 0 1911009111157985744 0
MB42 0 1911007785237492010 0
MB42 0 1911007635177886155 0
MB42 0 1911003864188268797 0
MB42 0 1911003644817781110 0
MB42 0 1911003463284117519 0
MB42 0 1911002395166802136 0
MB42 0 1911002311918334070 0
MB42 0 1911001769636692420 0
MB42 0 1911001069603176593 0
MB42 0 1911000558745362598 0
MB42 0 1910999952513286442 0
MB42 0 1910998463031976028 0
MB42 0 1910997429362500053 0
MB42 0 1910996833993638191 0
MB42 0 1910992377587830838 0
MB42 0 1910989370716311881 0
MB42 0 1910988315580416370 0
MB42 0 1910986146668065277 0
MB42 0 1910984451271889062 0
MB42 0 1910982234242232804 0
MB42 0 1910981219619422375 0
MB42 0 1910979769203646907 0
MB42 0 1910975528493793634 0
MB42 0 1910974303522459786 0
MB42 0 1910970903225118923 0
MB42 0 1910967706456564182 0
MB42 0 1910966334248083937 0
MB42 0 1910962400657817638 0
MB42 0 1910958581966327836 0
MB42 0 1910957434056708162 0
MB42 0 1910957384010170418 0
MB42 0 1910955615767412906 0
MB42 0 1910954493211976092 0
MB42 0 1910954012762857774 0
MB42 0 1910953433806315898 0
MB42 0 1910952848663203874 0
MB42 0 1910951014766961068 0
MB42 0 1910938911351726242 0
MB42 0 1910938715498704941 0
MB42 0 1910925331503931852 0
MB42 0 1910921036008128894 0
MB42 0 1910920990214812032 0
MB42 0 1910920815555629367 0
MB42 0 1910917093731545577 0
MB42 0 1910913587675099389 0
MB42 0 1910909246012555614 0
MB42 0 1910907155596648761 0
MB42 0 1910907082607599752 0
MB42 0 1910904191398146359 0
MB42 0 1910900989705494954 0
MB42 0 1910896060223914294 0
MB42 0 1910894268681498948 0
MB42 0 1910893485311615410 0
MB42 0 1910890567115874326 0
MB42 0 1910889994421514350 0
MB42 0 1910889616506318940 0
MB42 0 1910889449568846102 0
MB42 0 1910886587996455200 0
